sin 0 0       0
sin 1 0.0174533       0.0174524
sin 2 0.0349066       0.0348995
sin 3 0.0523599       0.052336
sin 4 0.0698132       0.0697565
sin 5 0.0872665       0.0871557
sin 6 0.10472       0.104528
sin 7 0.122173       0.121869
sin 8 0.139626       0.139173
sin 9 0.15708       0.156434
sin 10 0.174533       0.173648
sin 11 0.191986       0.190809
sin 12 0.20944       0.207912
sin 13 0.226893       0.224951
sin 14 0.244346       0.241922
sin 15 0.261799       0.258819
sin 16 0.279253       0.275637
sin 17 0.296706       0.292372
sin 18 0.314159       0.309017
sin 19 0.331613       0.325568
sin 20 0.349066       0.34202
sin 21 0.366519       0.358368
sin 22 0.383972       0.374607
sin 23 0.401426       0.390731
sin 24 0.418879       0.406737
sin 25 0.436332       0.422618
sin 26 0.453786       0.438371
sin 27 0.471239       0.45399
sin 28 0.488692       0.469472
sin 29 0.506145       0.48481
sin 30 0.523599       0.5
sin 31 0.541052       0.515038
sin 32 0.558505       0.529919
sin 33 0.575959       0.544639
sin 34 0.593412       0.559193
sin 35 0.610865       0.573576
sin 36 0.628319       0.587785
sin 37 0.645772       0.601815
sin 38 0.663225       0.615661
sin 39 0.680678       0.62932
sin 40 0.698132       0.642788
sin 41 0.715585       0.656059
sin 42 0.733038       0.669131
sin 43 0.750492       0.681998
sin 44 0.767945       0.694658
sin 45 0.785398       0.707107
sin 46 0.802851       0.71934
sin 47 0.820305       0.731354
sin 48 0.837758       0.743145
sin 49 0.855211       0.75471
sin 50 0.872665       0.766044
sin 51 0.890118       0.777146
sin 52 0.907571       0.788011
sin 53 0.925025       0.798636
sin 54 0.942478       0.809017
sin 55 0.959931       0.819152
sin 56 0.977384       0.829038
sin 57 0.994838       0.838671
sin 58 1.01229       0.848048
sin 59 1.02974       0.857167
sin 60 1.0472       0.866025
sin 61 1.06465       0.87462
sin 62 1.0821       0.882948
sin 63 1.09956       0.891007
sin 64 1.11701       0.898794
sin 65 1.13446       0.906308
sin 66 1.15192       0.913546
sin 67 1.16937       0.920505
sin 68 1.18682       0.927184
sin 69 1.20428       0.933581
sin 70 1.22173       0.939693
sin 71 1.23918       0.945519
sin 72 1.25664       0.951057
sin 73 1.27409       0.956305
sin 74 1.29154       0.961262
sin 75 1.309       0.965926
sin 76 1.32645       0.970296
sin 77 1.3439       0.974371
sin 78 1.36136       0.978148
sin 79 1.37881       0.981628
sin 80 1.39626       0.984809
sin 81 1.41372       0.987689
sin 82 1.43117       0.990269
sin 83 1.44862       0.992548
sin 84 1.46608       0.994524
sin 85 1.48353       0.996197
sin 86 1.50098       0.997566
sin 87 1.51844       0.998632
sin 88 1.53589       0.999394
sin 89 1.55334       0.999851
sin 90 1.5708       1
sin 91 1.58825       0.999852
sin 92 1.6057       0.999395
sin 93 1.62316       0.998635
sin 94 1.64061       0.99757
sin 95 1.65806       0.996201
sin 96 1.67552       0.994529
sin 97 1.69297       0.992554
sin 98 1.71042       0.990277
sin 99 1.72788       0.987698
sin 100 1.74533       0.984819
sin 101 1.76278       0.98164
sin 102 1.78024       0.978162
sin 103 1.79769       0.974386
sin 104 1.81514       0.970313
sin 105 1.8326       0.965945
sin 106 1.85005       0.961283
sin 107 1.8675       0.956328
sin 108 1.88496       0.951083
sin 109 1.90241       0.945547
sin 110 1.91986       0.939725
sin 111 1.93732       0.933616
sin 112 1.95477       0.927223
sin 113 1.97222       0.920548
sin 114 1.98968       0.913593
sin 115 2.00713       0.90636
sin 116 2.02458       0.898851
sin 117 2.04204       0.891069
sin 118 2.05949       0.883017
sin 119 2.07694       0.874695
sin 120 2.0944       0.866108
sin 121 2.11185       0.857258
sin 122 2.1293       0.848147
sin 123 2.14675       0.838779
sin 124 2.16421       0.829156
sin 125 2.18166       0.819282
sin 126 2.19911       0.809158
sin 127 2.21657       0.79879
sin 128 2.23402       0.788179
sin 129 2.25147       0.777329
sin 130 2.26893       0.766243
sin 131 2.28638       0.754926
sin 132 2.30383       0.74338
sin 133 2.32129       0.731609
sin 134 2.33874       0.719617
sin 135 2.35619       0.707407
sin 136 2.37365       0.694984
sin 137 2.3911       0.682351
sin 138 2.40855       0.669513
sin 139 2.42601       0.656472
sin 140 2.44346       0.643235
sin 141 2.46091       0.629804
sin 142 2.47837       0.616184
sin 143 2.49582       0.602379
sin 144 2.51327       0.588393
sin 145 2.53073       0.574232
sin 146 2.54818       0.5599
sin 147 2.56563       0.545401
sin 148 2.58309       0.53074
sin 149 2.60054       0.515921
sin 150 2.61799       0.50095
sin 151 2.63545       0.485831
sin 152 2.6529       0.470569
sin 153 2.67035       0.455169
sin 154 2.68781       0.439637
sin 155 2.70526       0.423977
sin 156 2.72271       0.408194
sin 157 2.74017       0.392293
sin 158 2.75762       0.376281
sin 159 2.77507       0.360161
sin 160 2.79253       0.34394
sin 161 2.80998       0.327623
sin 162 2.82743       0.311216
sin 163 2.84489       0.294723
sin 164 2.86234       0.278151
sin 165 2.87979       0.261505
sin 166 2.89725       0.24479
sin 167 2.9147       0.228013
sin 168 2.93215       0.21118
sin 169 2.94961       0.194295
sin 170 2.96706       0.177366
sin 171 2.98451       0.160397
sin 172 3.00197       0.143396
sin 173 3.01942       0.126367
sin 174 3.03687       0.109317
sin 175 3.05433       0.0922528
sin 176 3.07178       0.0751796
sin 177 3.08923       0.058104
sin 178 3.10669       0.0410321
sin 179 3.12414       0.0239705
sin 180 -3.14159       -0.00692527
sin 181 -3.12414       -0.0239705
sin 182 -3.10669       -0.0410321
sin 183 -3.08923       -0.058104
sin 184 -3.07178       -0.0751796
sin 185 -3.05433       -0.0922528
sin 186 -3.03687       -0.109317
sin 187 -3.01942       -0.126367
sin 188 -3.00197       -0.143396
sin 189 -2.98451       -0.160397
sin 190 -2.96706       -0.177366
sin 191 -2.94961       -0.194295
sin 192 -2.93215       -0.21118
sin 193 -2.9147       -0.228013
sin 194 -2.89725       -0.24479
sin 195 -2.87979       -0.261505
sin 196 -2.86234       -0.278151
sin 197 -2.84489       -0.294723
sin 198 -2.82743       -0.311216
sin 199 -2.80998       -0.327623
sin 200 -2.79253       -0.34394
sin 201 -2.77507       -0.360161
sin 202 -2.75762       -0.376281
sin 203 -2.74017       -0.392293
sin 204 -2.72271       -0.408194
sin 205 -2.70526       -0.423977
sin 206 -2.68781       -0.439637
sin 207 -2.67035       -0.455169
sin 208 -2.6529       -0.470569
sin 209 -2.63545       -0.485831
sin 210 -2.61799       -0.50095
sin 211 -2.60054       -0.515921
sin 212 -2.58309       -0.53074
sin 213 -2.56563       -0.545401
sin 214 -2.54818       -0.5599
sin 215 -2.53073       -0.574232
sin 216 -2.51327       -0.588393
sin 217 -2.49582       -0.602379
sin 218 -2.47837       -0.616184
sin 219 -2.46091       -0.629804
sin 220 -2.44346       -0.643235
sin 221 -2.42601       -0.656472
sin 222 -2.40855       -0.669513
sin 223 -2.3911       -0.682351
sin 224 -2.37365       -0.694984
sin 225 -2.35619       -0.707407
sin 226 -2.33874       -0.719617
sin 227 -2.32129       -0.731609
sin 228 -2.30383       -0.74338
sin 229 -2.28638       -0.754926
sin 230 -2.26893       -0.766243
sin 231 -2.25147       -0.777329
sin 232 -2.23402       -0.788179
sin 233 -2.21657       -0.79879
sin 234 -2.19911       -0.809158
sin 235 -2.18166       -0.819282
sin 236 -2.16421       -0.829156
sin 237 -2.14675       -0.838779
sin 238 -2.1293       -0.848147
sin 239 -2.11185       -0.857258
sin 240 -2.0944       -0.866108
sin 241 -2.07694       -0.874695
sin 242 -2.05949       -0.883017
sin 243 -2.04204       -0.891069
sin 244 -2.02458       -0.898851
sin 245 -2.00713       -0.90636
sin 246 -1.98968       -0.913593
sin 247 -1.97222       -0.920548
sin 248 -1.95477       -0.927223
sin 249 -1.93732       -0.933616
sin 250 -1.91986       -0.939725
sin 251 -1.90241       -0.945547
sin 252 -1.88496       -0.951083
sin 253 -1.8675       -0.956328
sin 254 -1.85005       -0.961283
sin 255 -1.8326       -0.965945
sin 256 -1.81514       -0.970313
sin 257 -1.79769       -0.974386
sin 258 -1.78024       -0.978162
sin 259 -1.76278       -0.98164
sin 260 -1.74533       -0.984819
sin 261 -1.72788       -0.987698
sin 262 -1.71042       -0.990277
sin 263 -1.69297       -0.992554
sin 264 -1.67552       -0.994529
sin 265 -1.65806       -0.996201
sin 266 -1.64061       -0.99757
sin 267 -1.62316       -0.998635
sin 268 -1.6057       -0.999395
sin 269 -1.58825       -0.999852
sin 270 -1.5708       -1
sin 271 -1.55334       -0.999851
sin 272 -1.53589       -0.999394
sin 273 -1.51844       -0.998632
sin 274 -1.50098       -0.997566
sin 275 -1.48353       -0.996197
sin 276 -1.46608       -0.994524
sin 277 -1.44862       -0.992548
sin 278 -1.43117       -0.990269
sin 279 -1.41372       -0.987689
sin 280 -1.39626       -0.984809
sin 281 -1.37881       -0.981628
sin 282 -1.36136       -0.978148
sin 283 -1.3439       -0.974371
sin 284 -1.32645       -0.970296
sin 285 -1.309       -0.965926
sin 286 -1.29154       -0.961262
sin 287 -1.27409       -0.956305
sin 288 -1.25664       -0.951057
sin 289 -1.23918       -0.945519
sin 290 -1.22173       -0.939693
sin 291 -1.20428       -0.933581
sin 292 -1.18682       -0.927184
sin 293 -1.16937       -0.920505
sin 294 -1.15192       -0.913546
sin 295 -1.13446       -0.906308
sin 296 -1.11701       -0.898794
sin 297 -1.09956       -0.891007
sin 298 -1.0821       -0.882948
sin 299 -1.06465       -0.87462
sin 300 -1.0472       -0.866025
sin 301 -1.02974       -0.857167
sin 302 -1.01229       -0.848048
sin 303 -0.994838       -0.838671
sin 304 -0.977384       -0.829038
sin 305 -0.959931       -0.819152
sin 306 -0.942478       -0.809017
sin 307 -0.925025       -0.798636
sin 308 -0.907571       -0.788011
sin 309 -0.890118       -0.777146
sin 310 -0.872665       -0.766044
sin 311 -0.855211       -0.75471
sin 312 -0.837758       -0.743145
sin 313 -0.820305       -0.731354
sin 314 -0.802851       -0.71934
sin 315 -0.785398       -0.707107
sin 316 -0.767945       -0.694658
sin 317 -0.750492       -0.681998
sin 318 -0.733038       -0.669131
sin 319 -0.715585       -0.656059
sin 320 -0.698132       -0.642788
sin 321 -0.680678       -0.62932
sin 322 -0.663225       -0.615661
sin 323 -0.645772       -0.601815
sin 324 -0.628319       -0.587785
sin 325 -0.610865       -0.573576
sin 326 -0.593412       -0.559193
sin 327 -0.575959       -0.544639
sin 328 -0.558505       -0.529919
sin 329 -0.541052       -0.515038
sin 330 -0.523599       -0.5
sin 331 -0.506145       -0.48481
sin 332 -0.488692       -0.469472
sin 333 -0.471239       -0.45399
sin 334 -0.453786       -0.438371
sin 335 -0.436332       -0.422618
sin 336 -0.418879       -0.406737
sin 337 -0.401426       -0.390731
sin 338 -0.383972       -0.374607
sin 339 -0.366519       -0.358368
sin 340 -0.349066       -0.34202
sin 341 -0.331613       -0.325568
sin 342 -0.314159       -0.309017
sin 343 -0.296706       -0.292372
sin 344 -0.279253       -0.275637
sin 345 -0.261799       -0.258819
sin 346 -0.244346       -0.241922
sin 347 -0.226893       -0.224951
sin 348 -0.20944       -0.207912
sin 349 -0.191986       -0.190809
sin 350 -0.174533       -0.173648
sin 351 -0.15708       -0.156434
sin 352 -0.139626       -0.139173
sin 353 -0.122173       -0.121869
sin 354 -0.10472       -0.104528
sin 355 -0.0872665       -0.0871557
sin 356 -0.0698132       -0.0697565
sin 357 -0.0523599       -0.052336
sin 358 -0.0349066       -0.0348995
sin 359 -0.0174533       -0.0174524
sin 360 -0       0
