0
0.0174524
0.0348995
0.052336
0.0697565
0.0871557
0.104528
0.121869
0.139173
0.156434
0.173648
0.190809
0.207912
0.224951
0.241922
0.258819
0.275637
0.292372
0.309017
0.325568
0.34202
0.358368
0.374607
0.390731
0.406737
0.422618
0.438371
0.45399
0.469472
0.48481
0.5
0.515038
0.529919
0.544639
0.559193
0.573576
0.587785
0.601815
0.615661
0.62932
0.642788
0.656059
0.669131
0.681998
0.694658
0.707107
0.71934
0.731354
0.743145
0.75471
0.766044
0.777146
0.788011
0.798636
0.809017
0.819152
0.829038
0.838671
0.848048
0.857167
0.866025
0.87462
0.882948
0.891007
0.898794
0.906308
0.913546
0.920505
0.927184
0.933581
0.939693
0.945519
0.951057
0.956305
0.961262
0.965926
0.970296
0.974371
0.978148
0.981628
0.984809
0.987689
0.990269
0.992548
0.994524
0.996197
0.997566
0.998632
0.999394
0.999851
1
0.999852
0.999395
0.998635
0.99757
0.996201
0.994529
0.992554
0.990277
0.987698
0.984819
0.98164
0.978162
0.974386
0.970313
0.965945
0.961283
0.956328
0.951083
0.945547
0.939725
0.933616
0.927223
0.920548
0.913593
0.90636
0.898851
0.891069
0.883017
0.874695
0.866108
0.857258
0.848147
0.838779
0.829156
0.819282
0.809158
0.79879
0.788179
0.777329
0.766243
0.754926
0.74338
0.731609
0.719617
0.707407
0.694984
0.682351
0.669513
0.656472
0.643235
0.629804
0.616184
0.602379
0.588393
0.574232
0.5599
0.545401
0.53074
0.515921
0.50095
0.485831
0.470569
0.455169
0.439637
0.423977
0.408194
0.392293
0.376281
0.360161
0.34394
0.327623
0.311216
0.294723
0.278151
0.261505
0.24479
0.228013
0.21118
0.194295
0.177366
0.160397
0.143396
0.126367
0.109317
0.0922528
0.0751796
0.058104
0.0410321
0.0239705
-0.00692527
-0.0239705
-0.0410321
-0.058104
-0.0751796
-0.0922528
-0.109317
-0.126367
-0.143396
-0.160397
-0.177366
-0.194295
-0.21118
-0.228013
-0.24479
-0.261505
-0.278151
-0.294723
-0.311216
-0.327623
-0.34394
-0.360161
-0.376281
-0.392293
-0.408194
-0.423977
-0.439637
-0.455169
-0.470569
-0.485831
-0.50095
-0.515921
-0.53074
-0.545401
-0.5599
-0.574232
-0.588393
-0.602379
-0.616184
-0.629804
-0.643235
-0.656472
-0.669513
-0.682351
-0.694984
-0.707407
-0.719617
-0.731609
-0.74338
-0.754926
-0.766243
-0.777329
-0.788179
-0.79879
-0.809158
-0.819282
-0.829156
-0.838779
-0.848147
-0.857258
-0.866108
-0.874695
-0.883017
-0.891069
-0.898851
-0.90636
-0.913593
-0.920548
-0.927223
-0.933616
-0.939725
-0.945547
-0.951083
-0.956328
-0.961283
-0.965945
-0.970313
-0.974386
-0.978162
-0.98164
-0.984819
-0.987698
-0.990277
-0.992554
-0.994529
-0.996201
-0.99757
-0.998635
-0.999395
-0.999852
-1
-0.999851
-0.999394
-0.998632
-0.997566
-0.996197
-0.994524
-0.992548
-0.990269
-0.987689
-0.984809
-0.981628
-0.978148
-0.974371
-0.970296
-0.965926
-0.961262
-0.956305
-0.951057
-0.945519
-0.939693
-0.933581
-0.927184
-0.920505
-0.913546
-0.906308
-0.898794
-0.891007
-0.882948
-0.87462
-0.866025
-0.857167
-0.848048
-0.838671
-0.829038
-0.819152
-0.809017
-0.798636
-0.788011
-0.777146
-0.766044
-0.75471
-0.743145
-0.731354
-0.71934
-0.707107
-0.694658
-0.681998
-0.669131
-0.656059
-0.642788
-0.62932
-0.615661
-0.601815
-0.587785
-0.573576
-0.559193
-0.544639
-0.529919
-0.515038
-0.5
-0.48481
-0.469472
-0.45399
-0.438371
-0.422618
-0.406737
-0.390731
-0.374607
-0.358368
-0.34202
-0.325568
-0.309017
-0.292372
-0.275637
-0.258819
-0.241922
-0.224951
-0.207912
-0.190809
-0.173648
-0.156434
-0.139173
-0.121869
-0.104528
-0.0871557
-0.0697565
-0.052336
-0.0348995
-0.0174524
0
